10
50 -20
1 9 33 41 1 38 41 34 21 32 27 41 41 1 21 23 21 15 41 21 21 21 9 41 24 21 41 2 41 1 41 1 41 41 21 15 41 41 17 41 41 21 41 41 1 10 41 41 41 2
50 -27
38 46 35 41 39 18 25 48 42 21 49 6 13 39 42 27 18 10 36 1 13 42 4 3 35 18 6 8 35 7 49 26 30 44 14 37 25 6 11 35 18 50 36 17 23 33 16 25 24 5
50 -39
3 11 32 20 13 36 47 37 3 27 32 31 33 48 40 33 5 24 23 34 3 3 37 31 6 4 11 4 42 35 26 40 6 11 17 7 31 6 37 42 36 14 6 21 18 35 44 33 24 13
50 -34
39 34 21 25 16 36 36 29 45 19 18 21 19 25 30 35 43 2 10 21 38 26 18 42 35 41 43 15 7 39 41 16 44 17 25 47 43 46 48 37 41 49 40 25 22 46 49 25 14 17
50 -8
22 34 22 7 10 20 36 19 16 36 26 28 46 20 31 13 25 11 44 50 6 43 46 43 29 10 37 20 43 3 40 35 31 47 48 24 23 25 20 30 37 24 39 46 35 39 7 29 23 5
50 1
40 43 49 20 31 21 43 13 50 37 2 37 13 18 10 23 16 14 11 17 48 6 38 23 28 12 33 3 5 47 8 7 15 47 34 26 20 2 44 16 43 23 37 33 6 21 33 23 26 14
50 6
2 50 2 45 16 21 1 23 28 5 3 23 35 27 17 22 28 36 15 48 44 25 44 49 2 5 15 35 31 33 46 32 5 46 14 2 20 46 46 6 23 25 35 42 25 36 18 23 7 10
50 -4
7 39 29 49 18 49 3 7 45 33 16 12 22 40 37 50 3 46 13 4 21 18 47 40 40 33 3 8 50 18 26 7 34 31 26 27 34 12 49 37 18 36 44 48 15 22 50 17 8 9
50 -48
41 31 30 12 12 7 43 42 10 16 38 43 37 41 34 28 43 43 15 6 42 7 16 32 37 23 39 19 42 23 20 5 19 5 5 13 11 46 33 36 44 10 22 50 36 3 39 6 28 43
50 6
22 27 28 33 1 14 31 11 22 39 5 30 17 13 10 33 21 42 1 50 23 44 23 36 38 23 33 38 17 46 35 26 17 6 5 41 10 44 48 12 36 32 39 9 23 49 37 26 40 6
