10
50 37
22 22 22 42 22 22 22 22 40 36 22 38 17 22 22 22 37 22 22 22 22 22 22 22 22 22 22 22 22 38 17 22 22 6 22 22 22 22 22 22 24 22 22 22 22 22 22 22 22 22
50 21
18 31 18 18 1 3 23 38 41 14 33 33 33 50 21 24 18 17 39 31 2 5 9 8 34 45 14 42 21 7 7 8 32 31 11 41 10 42 16 47 18 47 46 18 13 23 4 48 14 22
50 7
12 1 20 21 38 3 41 23 10 49 3 42 13 2 23 10 15 21 37 25 22 39 14 11 41 2 42 37 4 12 5 25 16 24 36 30 50 21 24 35 49 27 20 10 8 31 12 7 4 47
50 35
9 39 36 19 36 1 29 48 36 12 6 39 50 49 20 25 45 3 5 28 14 29 21 27 41 39 32 27 22 41 29 49 45 26 4 50 28 2 29 32 30 4 47 7 3 43 13 37 26 48
50 46
40 47 39 48 1 43 5 7 34 27 10 43 42 29 30 23 20 26 46 13 5 20 43 19 18 31 13 3 27 20 50 10 43 26 41 4 39 12 12 22 37 39 6 43 14 36 20 8 4 49
50 -1
18 22 39 45 13 11 43 46 28 5 22 46 37 45 37 25 41 10 9 47 20 9 39 3 29 29 38 11 9 49 12 36 5 40 20 42 28 20 10 43 25 8 48 2 44 50 48 15 25 34
50 4
50 16 50 1 24 41 15 34 26 34 45 26 40 15 44 42 13 16 6 5 22 35 45 50 16 45 10 5 3 42 22 41 47 28 24 11 14 47 50 15 26 44 42 49 30 16 13 16 28 12
50 -33
1 44 33 30 6 40 5 40 29 36 11 45 32 33 48 11 3 17 29 49 28 37 18 14 12 16 9 19 16 49 48 35 11 22 38 7 15 45 11 32 42 10 3 4 29 41 13 25 5 2
50 -10
29 7 31 21 30 42 1 20 15 14 27 11 11 46 2 3 7 30 28 9 29 31 20 6 32 39 29 8 24 17 16 32 29 39 40 49 21 31 28 29 11 29 39 15 4 42 38 36 41 13
50 -7
28 16 11 28 43 26 36 36 44 43 7 34 28 34 2 20 30 31 47 38 40 9 49 32 12 28 24 29 30 36 8 2 9 8 40 4 47 8 43 44 21 19 34 20 32 40 40 28 10 42
