10
50 -50
43 26 50 43 43 43 43 43 43 43 43 18 43 43 44 43 36 6 43 47 40 43 43 8 50 15 43 43 43 31 43 43 17 43 33 43 31 43 43 27 43 43 43 3 7 29 43 43 43 43
50 2
41 10 22 47 48 14 41 32 40 15 33 23 47 10 48 21 35 1 21 44 24 22 5 39 38 6 12 17 18 42 7 30 21 9 25 17 2 31 36 37 4 42 49 20 32 33 18 28 50 13
50 -3
23 48 9 15 35 32 7 36 19 10 46 13 24 40 38 7 33 16 50 30 21 31 8 17 22 20 45 39 26 42 44 23 29 47 19 20 17 8 4 42 33 32 31 15 8 14 1 41 31 11
50 -5
37 23 18 40 8 40 14 8 32 31 19 3 50 41 45 34 10 45 36 33 27 6 26 39 39 4 38 29 31 24 36 34 29 21 43 48 7 29 18 36 30 28 29 23 50 30 39 34 40 17
50 -27
35 41 33 15 7 15 6 28 30 30 47 11 20 24 50 42 26 16 24 1 31 3 8 34 7 36 26 7 20 25 26 15 40 50 39 21 25 4 4 4 40 41 21 11 37 17 31 20 25 25
50 -16
24 12 27 31 1 45 43 41 11 13 26 27 16 18 34 9 7 12 40 9 46 48 47 50 44 13 28 33 28 5 42 21 33 5 37 49 39 32 33 9 30 1 46 9 34 37 37 23 5 26
50 1
46 35 31 15 16 45 40 47 36 8 31 19 4 37 34 24 8 22 24 23 14 41 32 35 5 20 27 33 34 49 26 11 16 12 13 37 13 38 12 28 15 3 11 27 21 14 46 9 19 29
50 2
25 12 9 35 26 35 45 30 37 12 30 48 15 19 46 14 17 21 1 6 27 43 15 8 17 14 31 17 46 20 20 30 39 28 50 19 42 15 49 21 40 49 15 11 40 50 43 37 38 18
50 -30
33 45 41 10 41 21 47 15 46 9 13 47 24 41 36 48 25 49 38 13 47 35 13 30 22 36 32 23 29 4 16 37 24 34 5 8 34 35 1 39 22 50 48 47 29 48 18 48 13 23
50 -41
1 16 32 17 43 18 36 6 50 10 15 6 46 32 50 18 9 24 7 34 32 50 19 43 11 25 24 32 4 21 10 18 4 22 40 24 16 41 31 46 19 41 17 7 18 27 26 36 13 25
